 15
  4 10
 17 16 15
  4  6  9  1
 14  1  0 11  7
  5  4  9 17 18 19
 10 17 14  0  5  9 19
  3  2 11 14  9  3  8 18
  1 18  2 17 14  6 17  6  4
  2 13 15  4 18 14 17  3  1 19
  4  3 18  3 13  8  5 14  9 12 19
 11  1 15  8 15 18 13 19  6  8  6  8
 16  1  3  7 12 16  5  8 19  1 15 19  3
  7 13  2  3 10 10 11  3  5 11 15 11 17  3
  7 16  8 11  7  3 15 11  7  9 11 12 17 15 12
 14  5  4  5  8 11 17  4  7  2 15 11 11  8  2 19
  7  6 15 11 11  5  7  3  5 17  6  7  2  7  9 18 13
  6  1  5 18  7  7  2  2  6 10 16  3 10 14 18 17 10  21
 14 11  7  1  9 10  6 15  4  5 10  7 11  3 10  7  8 18  3
  3  4 12 18 15  3 15 19 10 12  2  6 19  2  5  6  4  2  8 19
