14620236653127302764
55542525361654111227
73031372726121002016
37755417444005365377
52024421524540523574
10027172574656365436
33204135662176746120
76757154127434251266
13406163347024365701
50401106226342037510
76741711075464676247
22450620334370134715
71656741265722145740
47611473241453430765
64024413651703072076
31751326057720116522
35406717253400630656
70271120040155127302
24372266046540073730
32415417207724750575
26617325235766422225
45016073412533313623
46520245065022370442
44313732065137471476
53737715446670107011
10260340424132152232
13645406047561672125
17054013460014434410
66467166370034100741
54506155304615743021
55721202601066226231
31173206261262725044
63175264376750733504
43410071606500364110
47507362157716242576
40554606134603133205
54451045420102242706
67741320072370004113
67220353212617146760
50757220212774425651
45774135770246515234
40701170723702606640
42664141273405763525
76637271765452155155
43100131616734777342
71512505760454512522
53052531734666734412
74633160650210030156
44646571646662370270
73445557037520112402
51631142335475470417
12153745732772011273
41735321323526105071
16150405471275424646
24040152423473673317
16637160661230700302
64241052425671056110
41420536740325311576
50502071424036347705
71664762746500551561
23406155641245433624
55355505614532661376
23763250006072472730
12157051451432224105
54145324151621517572
77511145025313437053
10001672114020045220
55504562504420057177
63535155537142075203
75003526216074230325
26025065621555066761
37462421347351031054
65217156253034001364
64574553620352355060
23063621651542117166
53423304456020454176
25633377004421533636
45541634071750632155
53372532306555775562
31316463054021533031
57511654537737473764
36417103437712017113
76370406356645723445
45550760413613574257
65067635731656333172
16501653305424257147
54004202275760047654
54176352443156123053
41775655342127072216
60017254121537605230
50733135615765213046
56406124623752206120
20272221105115055622
77414232414066763170
21144732007321760731
67252452202645706352
75066747232324306245
50230204737236633323
34722000203761007140
75142202132213364306
