4643
23
37663
25847
46181
45053
4973
24499
20887
31873
18143
11257
46183
15823
45247
49823
44189
36341
10259
34919
20357
36857
16139
32713
4787
30893
43577
34337
34537
36901
33587
25111
32059
13859
18457
22751
45979
21347
16561
3581
35507
2143
44641
4673
15091
33461
35983
10273
397
17761
48341
19009
29473
131
48109
257
38167
33409
10979
20023
44383
25747
48091
40387
10463
18287
35759
19273
40253
27253
11833
27743
37507
21481
283
1327
15373
15619
33479
431
109
14557
38867
31051
17389
42257
43943
31183
30389
25309
10079
21433
26993
26821
12161
47059
44027
36821
20639
35951
14221
47017
41801
19163
22613
47387
19949
16453
16319
4673
28027
40289
1301
39671
46649
46559
48907
29567
42349
42061
18223
26249
35323
42349
31249
34061
22943
17123
13219
14867
32341
14753
25343
3539
34369
1021