4 -1 2 3 2 1
4 0 4 4 10 10
4 2 1 4 -1 -1
70 32 40 70 26 91
87 71 72 64 4 9
-59 84 -45 32 -100 25
-73 -50 -18 -71 -69 -63
15 17 5 18 41 60
-38 65 -86 60 -18 89
63 36 -7 23 86 62
8 -16 18 5 45 -94
89 67 62 100 73 26
40 -90 73 -56 33 -21
-98 -6 -9 -6 -27 -6
-18 51 -51 12 -90 78
-18 24 -96 56 -51 68
-70 -25 -29 -81 -90 -40
-69 -39 -32 -64 -23 -48
68 -9 11 88 16 73
-78 -67 -24 -96 -15 -86
-49 75 -83 33 -30 63
41 -43 80 3 57 -86
44 22 17 90 80 44
-25 -14 -11 -62 -11 -3
-87 -30 -59 -74 -43 -53
70 -73 94 -47 6 -3
89 11 43 91 36 70
64 35 64 41 43 7
-97 -8 -60 -75 -4 -5
75 32 39 91 84 44
-2 -48 82 -82 15 -69
-59 -18 -91 -100 -91 -38
-77 -48 -26 -62 -38 -18
8 69 -66 67 -87 26
74 -1 55 61 11 66
41 63 34 97 65 49
-49 -34 -9 -55 -54 -62
-33 -16 -9 -64 -65 -99
-55 -56 -18 -76 -50 -59
56 21 88 52 47 20
75 60 25 96 90 72
68 -50 80 -24 70 -40
-100 -35 -54 -92 -6 -34
34 84 30 64 41 71
50 25 31 88 45 59
80 32 66 65 12 49
78 65 28 72 14 52
51 36 93 62 39 81
-24 -48 77 -97 80 -44
-21 87 -58 13 -28 100
-6 12 -14 14 -97 97
-100 -77 -55 -89 -12 -11
77 24 68 73 29 68
-15 74 -83 11 -72 79
88 -90 72 -52 18 -13
-19 73 -80 49 -85 92
-45 -11 -40 -65 -44 -62
81 22 53 39 93 36
-13 94 -15 68 -34 63
100 50 56 95 56 95
68 19 34 44 44 23
42 16 10 73 47 61
-66 -17 -48 -96 -30 -88
-63 72 -35 29 -80 93
9 -75 65 -5 80 -9
-96 -21 -62 -76 -78 -44
-51 -10 -26 -98 -20 -8
-43 -21 -39 -48 -75 -53
-7 -99 20 -45 58 -78
-28 89 -81 30 -19 17
-29 -16 -11 -82 -10 -80
35 28 47 41 85 75
-80 -19 -17 -81 -5 -97
-7 -6 -75 -78 -54 -54
52 35 37 44 80 13
61 18 2 44 96 29
-75 -60 -52 -68 -57 -43
-59 -72 -39 -60 -37 -36
75 63 16 36 10 23
92 91 8 40 26 20
99 20 36 60 59 83
-42 46 -36 29 -87 94
36 51 11 53 32 69
-45 92 -9 6 -56 76
-23 46 -36 6 -41 30
77 57 22 97 57 75
-87 -29 -17 -63 -85 -30
42 45 19 35 15 30
-22 -24 -25 -40 -25 -43
-90 72 -59 4 -67 61
-12 70 -92 -3 -3 29
-78 -15 -26 -27 -85 -75
65 23 32 25 29 55
7 84 -89 59 -97 4
-36 -52 -25 -69 -51 -58
72 24 48 100 54 18
-53 -71 -48 -82 -7 -36
-61 49 -68 27 -57 88
27 80 13 95 31 98
-31 26 -82 2 -17 21
6 -2 19 -11 11 -14
-86 -69 -66 -99 -59 -43
-62 94 -22 21 -74 97
11 -39 87 -56 15 -34
-95 89 -45 -1 -40 12
-51 -62 -33 -65 -76 -99
88 33 66 82 28 95
65 25 5 6 82 95
29 -89 44 -20 62 -37
70 42 -5 76 58 74
-50 -17 -16 -30 -100 -22
-100 -49 -62 -70 -67 -14
-46 60 -46 6 -64 99
48 97 12 19 31 22
93 38 49 38 64 35
3 -81 36 -18 69 -37
32 3 2 34 34 93
-98 -52 -23 -55 -33 -19
84 53 56 96 33 38
58 55 46 73 65 19
-97 -94 -50 -61 -81 -70
-10 65 -53 14 -30 30
-86 74 -54 12 -50 48