87 184 28
116 194 36
93 187 18
22 163 8
60 91 8
127 141 19
137 173 4
168 169 74
131 183 15
68 124 28
3 130 18
59 70 43
57 194 4
30 43 9
22 120 20
138 199 21
116 171 45
92 127 6
74 157 33
171 197 32
106 126 29
128 137 76
47 130 4
58 125 4
146 183 39
35 168 15
44 151 16
9 77 27
185 189 64
52 155 2
61 133 18
140 169 61
27 187 5
140 196 27
35 179 2
2 98 3
93 118 35
102 157 38
42 87 2
45 90 24
41 130 16
98 118 58
76 82 37
128 168 53
98 154 7
107 166 39
20 25 75
72 133 10
20 104 5
109 169 8
141 150 19
19 124 11
47 52 2
156 180 49
29 165 7
151 194 48
35 165 9
115 188 3
92 144 36
60 166 11
33 152 2
29 76 12
75 122 45
30 196 6
36 194 9
29 144 8
129 130 22
5 44 14
14 139 7
41 105 17
89 129 34
118 118 37
125 144 3
91 184 14
126 173 20
106 191 10
155 187 26
83 143 5
108 198 28
5 149 10
23 29 69
144 147 14
23 141 12
6 11 30
62 131 39
106 121 63
27 45 55
66 109 39
59 83 61
38 63 24
1 37 5
100 180 11
69 72 64
82 132 16
95 134 16
164 200 6
100 197 10
14 174 9
96 191 27
67 85 7
