24801 24803
617 619
14347 14359
5845 25238
3 5
17189 17191
1877 1879
5418 31225
27684 30539
28617 29302
26711 32126
1997 1999
18375 28020
9393 31303
12241 13248
9208 25142
40151 40153
6906 28801
7271 28859
4956 5519
13792 28831
31735 32205
5510 10906
7441 7490
4063 12459
11725 31625
22499 29529
19419 19548
19634 21488
21760 24691
28448 29405
30729 31991
8302 12065
14793 18515
18254 20057
16181 25818
11438 24477
15621 20729
18565 24537
5990 20944
12882 26656
706 9822
18223 20287
3895 16324
12787 21771
11067 12271
28540 28708
14471 22140
4594 28550
30487 31453
28739 32481
7354 9728
9967 15950
6237 7581
14283 32486
28242 30176
15262 18605
7777 31335
14883 32247
28175 30713
21773 25970
13716 17033
3385 17217
8078 22497
13093 25219
17941 26311
298 24714
2820 30006
28525 32475
1650 1652
10663 30966
14507 16851
6641 23294
7727 9501
20609 22626
22243 23670
431 433
23459 24199
29532 32298
24272 26581
28564 30306
17607 23518
17242 28833
1487 1489
31706 32477
23687 23689
11323 32191
28118 32113
18545 32513
13797 14450
5644 31913
32005 32659
10159 20918
8959 23991
3018 26896
21551 27820
14148 22500
1281 24610
14596 31357
28902 32584
6918 10747
9789 12579
9680 10559
453 18507
21027 29522
3796 19850
29280 30642
11030 32609
16588 25750
6214 23170
3225 6627
7557 25657
19719 23316
23911 24127
18288 29875
6903 15512
7709 23364
8154 14947
23703 24703
5487 29717
24949 26118
22664 24977
30392 32386
30436 31802
28334 30019
23707 32623
17508 23621
2257 13094
12460 23862
22582 25021
9544 27663
23606 25291
13316 16763
28964 30165
19010 21694
26971 30361
13826 22836
6676 32107
5362 12134
3044 17928
28463 31984
8038 22644
19757 23065
9977 18700
14316 24175
31278 32520
5736 28710
15900 18809
12308 26844
9383 31507
26073 30998
11175 23114
62189 62191
7457 18463
11207 11927
18883 31093
26480 32400
5786 27879
13829 18905
24256 32555
11140 21275
14817 21448
62191 62193
28350 32554
18286 28041
23157 23314
3570 29559
17323 31923
21957 28756
197 31428
26561 28529
6647 32419
29847 29883
9345 16911
27258 27963
26974 32538
1811 12470
18710 29265
18686 23144
8557 13150
18558 26742
27123 29838
6297 27924
11648 29593
2150 23848
3090 11263
28945 32017
5641 18807
19808 23422
17992 24169
1207 7471
27471 29479
20216 21261
31111 31135
7767 20488
3865 31338
4125 5243
4526 11042
23499 26805
166 6440
26447 32132
8120 19922
2069 24316
659 661
25995 25997
10150 31012
25802 27902
11178 24795
25820 32528
25787 30955
20877 21537
30991 32257
15699 29038
10135 21409
21027 29889
17337 31971
16478 18818
20987 31954
30711 32647
9873 14006
13679 31438
25643 28918
10597 30548
11459 24566
30794 31277
29894 31452
11545 18231
11919 16093
17569 26074
17351 28448
19976 26831
7557 12320
2637 6458
22979 26250
17974 20032
11525 23363
12439 22751
27089 29560
1977 20858
2778 23622
27408 32222
25868 29599
24940 29842
28384 30152
25633 27791
11391 13175
24944 32490
25538 25630
23968 25128
17366 18859
3461 29544
26641 30569
7744 25192
26582 30117
195 30220
17141 17377
86 27325
29669 30082
31699 32215
11669 27597
18365 26805
15552 29567
12350 29796
3510 27602
9013 22551
30651 31890
12088 22057
20126 28923
13983 22174
12444 26308
18008 30243
15642 24411
25752 30831
31755 31767
21323 27001
20929 24032
23117 29599
26890 31452
20429 28801
1852 31472
12571 21905
16122 27722
22948 28475
7628 17360
9297 13862
19539 25423
26049 32187
14003 15570
22631 31452
22415 29359
29 31
27686 29749
22382 28720
19258 27244
9303 30400
27383 30533
31719 32024
20672 30284
19119 29958
15301 20883
11381 28095
16322 19604
21582 29834
5516 30105
29609 32379
11724 25224
17401 32718
30772 30994
23 25
1489 6875
17706 21200
6303 29658
32479 32582
7713 9801
29658 30402
24389 30617
20972 21551
28576 29903
25644 27124
14612 22136
10797 10936
15957 29443
15207 28451
6378 18836
30405 30409
30373 31414
2881 19543
5664 8730
20703 24674
25231 32087
28359 32187
17771 27423
19752 31877
6284 29412
21971 29665
13163 26026
5112 26257
14124 28393
18383 25977
17613 24007
191 193
2905 29672
24771 30023
15572 18975
9966 15552
22328 25658
296 19695
154 25735
12323 19098
6407 21301
30584 32300
11893 15706
28485 29906
13304 23790
12891 26305
8222 22730
3504 27309
22362 25169
31396 31490
11870 22632
5188 19059
4621 18045
27240 31592
6473 32427
17313 28937
22620 24098
6530 16763
15029 15688
26041 29013
9279 24720
15010 19699
4496 31119
26748 31324
1480 26602
31556 32548
14380 28273
28379 30235
13595 32720
1430 11874
29462 31972
11087 16183
18076 24252
13710 20313
30818 32096
12025 21857
30852 30902
270 20669
307 309
26258 32578
3882 24701
318 324
8808 29496
24123 29005
8053 20080
245 308
27951 28132
5131 5876
9101 29074
330 722
4310 14171
13064 15805
540 11896
2089 15671
31835 32398
161 320
608 13962
1054 12587
27743 30623
4142 17244
13682 30145
1234 27801
10115 19572
5956 6619
31026 31436
23842 32318
5241 6903
14938 22603
3105 32394
31402 32103
8072 27516
4555 23753
27837 29459
25759 28777
6392 25343
30457 31951
2447 15816
3686 7836
18930 19834
9718 22582
8077 15280
11138 32586
2664 17693
101 103
103 105
107 109
109 111
32747 32763
1488 9827
17794 32236
22474 28901
11909 25759
3212 12418
16925 25292
11 13
3234 19122
27662 30972
26141 29861
5832 13561
5392 11132
20496 23190
8594 20810
12939 21683
28132 30137
28988 30321
11263 21572
15239 28926
20434 31644
9325 22207
30888 31384
18991 29864
19309 20325
26966 28727
10565 11787
22486 27531
17881 18434
26810 28788
1437 4134
24879 28695
390 1591
13019 30701
21845 24182
11924 16624
26526 27635
21917 26736
14261 15920
11185 18846
25849 31284
28820 32659
18305 19267
461 23406
20162 25326
9556 11425
13740 24168
30344 32739
15328 29327
4542 8431
18894 28508
2703 17328
10575 29151
26260 31522
15173 25158
7221 13751
11253 30427
27507 31942
11987 14325
5539 19593
18036 22850
23055 31082
24597 26840
15743 31537
